hyd-sed-lte.cha: written by SWAT+ editor v2.3.3 on 2025-06-04 11:50 for SWAT+ rev.60.5.7
name                         order            wd            dp           slp           len          mann             k     erod_fact      cov_fact          sinu        eq_slp           d50          clay        carbon        dry_bd      side_slp      bed_load           fps           fpn        n_conc        p_conc         p_bio  description
hydcha001                        1       0.59924       0.07797       0.01860       0.82450       0.05000       replace       0.01000       0.00500       1.05000       0.00100      12.00000      50.00000       0.04000       1.00000       0.50000       0.50000       0.00001       0.10000       0.00000       0.00000       0.00000  
hydcha002                        1       0.64029       0.08150       0.00794       0.79600       0.05000       replace       0.01000       0.00500       1.05000       0.00100      12.00000      50.00000       0.04000       1.00000       0.50000       0.50000       0.00001       0.10000       0.00000       0.00000       0.00000  
hydcha003                        1       0.42532       0.06204       0.00740       0.26930       0.05000       replace       0.01000       0.00500       1.05000       0.00100      12.00000      50.00000       0.04000       1.00000       0.50000       0.50000       0.00001       0.10000       0.00000       0.00000       0.00000  
hydcha004                        1       0.31936       0.05125       0.01170       0.12160       0.05000       replace       0.01000       0.00500       1.05000       0.00100      12.00000      50.00000       0.04000       1.00000       0.50000       0.50000       0.00001       0.10000       0.00000       0.00000       0.00000  
hydcha005                        1       0.49367       0.06852       0.01563       0.71300       0.05000       replace       0.01000       0.00500       1.05000       0.00100      12.00000      50.00000       0.04000       1.00000       0.50000       0.50000       0.00001       0.10000       0.00000       0.00000       0.00000  
hydcha006                        1       0.40484       0.06004       0.01183       0.29780       0.05000       replace       0.01000       0.00500       1.05000       0.00100      12.00000      50.00000       0.04000       1.00000       0.50000       0.50000       0.00001       0.10000       0.00000       0.00000       0.00000  
hydcha007                        4       9.49739       0.49199       0.00922       0.17200       0.05000       replace       0.01000       0.00500       1.05000       0.00100      12.00000      50.00000       0.04000       1.00000       0.50000       0.50000       0.00001       0.10000       0.00000       0.00000       0.00000  
hydcha008                        4       9.42389       0.48944       0.00627       0.60730       0.05000       replace       0.01000       0.00500       1.05000       0.00100      12.00000      50.00000       0.04000       1.00000       0.50000       0.50000       0.00001       0.10000       0.00000       0.00000       0.00000  
hydcha009                        2       1.20839       0.12446       0.02051       0.89750       0.05000       replace       0.01000       0.00500       1.05000       0.00100      12.00000      50.00000       0.04000       1.00000       0.50000       0.50000       0.00001       0.10000       0.00000       0.00000       0.00000  
hydcha010                        2       0.97437       0.10782       0.02215       0.67860       0.05000       replace       0.01000       0.00500       1.05000       0.00100      12.00000      50.00000       0.04000       1.00000       0.50000       0.50000       0.00001       0.10000       0.00000       0.00000       0.00000  
hydcha011                        2       1.44739       0.14037       0.00235       0.18620       0.05000       replace       0.01000       0.00500       1.05000       0.00100      12.00000      50.00000       0.04000       1.00000       0.50000       0.50000       0.00001       0.10000       0.00000       0.00000       0.00000  
hydcha012                        2       1.20120       0.12396       0.00481       0.05870       0.05000       replace       0.01000       0.00500       1.05000       0.00100      12.00000      50.00000       0.04000       1.00000       0.50000       0.50000       0.00001       0.10000       0.00000       0.00000       0.00000  
hydcha013                        2       1.03283       0.11209       0.00447       0.19630       0.05000       replace       0.01000       0.00500       1.05000       0.00100      12.00000      50.00000       0.04000       1.00000       0.50000       0.50000       0.00001       0.10000       0.00000       0.00000       0.00000  
hydcha014                        3       1.34532       0.13369       0.02312       0.23490       0.05000       replace       0.01000       0.00500       1.05000       0.00100      12.00000      50.00000       0.04000       1.00000       0.50000       0.50000       0.00001       0.10000       0.00000       0.00000       0.00000  
hydcha015                        2       0.81291       0.09555       0.00001       0.09310       0.05000       replace       0.01000       0.00500       1.05000       0.00100      12.00000      50.00000       0.04000       1.00000       0.50000       0.50000       0.00001       0.10000       0.00000       0.00000       0.00000  
hydcha016                        2       0.93350       0.10478       0.00104       0.14180       0.05000       replace       0.01000       0.00500       1.05000       0.00100      12.00000      50.00000       0.04000       1.00000       0.50000       0.50000       0.00001       0.10000       0.00000       0.00000       0.00000  
hydcha017                        2       0.82654       0.09662       0.00001       0.08300       0.05000       replace       0.01000       0.00500       1.05000       0.00100      12.00000      50.00000       0.04000       1.00000       0.50000       0.50000       0.00001       0.10000       0.00000       0.00000       0.00000  
hydcha018                        2       0.56816       0.07525       0.01977       0.18030       0.05000       replace       0.01000       0.00500       1.05000       0.00100      12.00000      50.00000       0.04000       1.00000       0.50000       0.50000       0.00001       0.10000       0.00000       0.00000       0.00000  
hydcha019                        2       0.92894       0.10444       0.01187       0.59550       0.05000       replace       0.01000       0.00500       1.05000       0.00100      12.00000      50.00000       0.04000       1.00000       0.50000       0.50000       0.00001       0.10000       0.00000       0.00000       0.00000  
hydcha020                        1       0.60305       0.07830       0.02319       1.28000       0.05000       replace       0.01000       0.00500       1.05000       0.00100      12.00000      50.00000       0.04000       1.00000       0.50000       0.50000       0.00001       0.10000       0.00000       0.00000       0.00000  
hydcha021                        1       0.47073       0.06638       0.02279       0.74740       0.05000       replace       0.01000       0.00500       1.05000       0.00100      12.00000      50.00000       0.04000       1.00000       0.50000       0.50000       0.00001       0.10000       0.00000       0.00000       0.00000  
hydcha022                        1       0.82531       0.09652       0.03025       1.20530       0.05000       replace       0.01000       0.00500       1.05000       0.00100      12.00000      50.00000       0.04000       1.00000       0.50000       0.50000       0.00001       0.10000       0.00000       0.00000       0.00000  
hydcha023                        1       0.43484       0.06297       0.03120       0.45970       0.05000       replace       0.01000       0.00500       1.05000       0.00100      12.00000      50.00000       0.04000       1.00000       0.50000       0.50000       0.00001       0.10000       0.00000       0.00000       0.00000  
hydcha024                        1       0.59234       0.07737       0.02410       1.06530       0.05000       replace       0.01000       0.00500       1.05000       0.00100      12.00000      50.00000       0.04000       1.00000       0.50000       0.50000       0.00001       0.10000       0.00000       0.00000       0.00000  
hydcha025                        2       0.68456       0.08521       0.02142       0.47810       0.05000       replace       0.01000       0.00500       1.05000       0.00100      12.00000      50.00000       0.04000       1.00000       0.50000       0.50000       0.00001       0.10000       0.00000       0.00000       0.00000  
hydcha026                        1       0.34426       0.05389       0.07992       0.35230       0.05000       replace       0.01000       0.00500       1.05000       0.00100      12.00000      50.00000       0.04000       1.00000       0.50000       0.50000       0.00001       0.10000       0.00000       0.00000       0.00000  
hydcha027                        1       0.31469       0.05075       0.04265       0.20460       0.05000       replace       0.01000       0.00500       1.05000       0.00100      12.00000      50.00000       0.04000       1.00000       0.50000       0.50000       0.00001       0.10000       0.00000       0.00000       0.00000  
hydcha028                        1       0.45715       0.06510       0.01470       0.17620       0.05000       replace       0.01000       0.00500       1.05000       0.00100      12.00000      50.00000       0.04000       1.00000       0.50000       0.50000       0.00001       0.10000       0.00000       0.00000       0.00000  
hydcha029                        1       0.29553       0.04867       0.04303       0.15180       0.05000       replace       0.01000       0.00500       1.05000       0.00100      12.00000      50.00000       0.04000       1.00000       0.50000       0.50000       0.00001       0.10000       0.00000       0.00000       0.00000  
hydcha030                        1       0.40385       0.05994       0.06206       0.32800       0.05000       replace       0.01000       0.00500       1.05000       0.00100      12.00000      50.00000       0.04000       1.00000       0.50000       0.50000       0.00001       0.10000       0.00000       0.00000       0.00000  
hydcha031                        1       0.62334       0.08005       0.04880       0.71890       0.05000       replace       0.01000       0.00500       1.05000       0.00100      12.00000      50.00000       0.04000       1.00000       0.50000       0.50000       0.00001       0.10000       0.00000       0.00000       0.00000  
hydcha032                        1       0.30879       0.05012       0.01255       0.14180       0.05000       replace       0.01000       0.00500       1.05000       0.00100      12.00000      50.00000       0.04000       1.00000       0.50000       0.50000       0.00001       0.10000       0.00000       0.00000       0.00000  
hydcha033                        1       0.37013       0.05655       0.03072       0.31790       0.05000       replace       0.01000       0.00500       1.05000       0.00100      12.00000      50.00000       0.04000       1.00000       0.50000       0.50000       0.00001       0.10000       0.00000       0.00000       0.00000  
hydcha034                        1       0.39181       0.05874       0.01192       0.26340       0.05000       replace       0.01000       0.00500       1.05000       0.00100      12.00000      50.00000       0.04000       1.00000       0.50000       0.50000       0.00001       0.10000       0.00000       0.00000       0.00000  
hydcha035                        1       0.35519       0.05502       0.01142       0.08300       0.05000       replace       0.01000       0.00500       1.05000       0.00100      12.00000      50.00000       0.04000       1.00000       0.50000       0.50000       0.00001       0.10000       0.00000       0.00000       0.00000  
hydcha036                        1       0.29308       0.04840       0.00001       0.03440       0.05000       replace       0.01000       0.00500       1.05000       0.00100      12.00000      50.00000       0.04000       1.00000       0.50000       0.50000       0.00001       0.10000       0.00000       0.00000       0.00000  
hydcha037                        1       0.37223       0.05677       0.00956       0.16610       0.05000       replace       0.01000       0.00500       1.05000       0.00100      12.00000      50.00000       0.04000       1.00000       0.50000       0.50000       0.00001       0.10000       0.00000       0.00000       0.00000  
hydcha038                        1       0.36696       0.05623       0.01453       0.21470       0.05000       replace       0.01000       0.00500       1.05000       0.00100      12.00000      50.00000       0.04000       1.00000       0.50000       0.50000       0.00001       0.10000       0.00000       0.00000       0.00000  
hydcha039                        1       0.46443       0.06579       0.02495       0.48820       0.05000       replace       0.01000       0.00500       1.05000       0.00100      12.00000      50.00000       0.04000       1.00000       0.50000       0.50000       0.00001       0.10000       0.00000       0.00000       0.00000  
hydcha040                        1       0.45256       0.06467       0.01762       0.73730       0.05000       replace       0.01000       0.00500       1.05000       0.00100      12.00000      50.00000       0.04000       1.00000       0.50000       0.50000       0.00001       0.10000       0.00000       0.00000       0.00000  
hydcha041                        4       9.63885       0.49686       0.00506       0.84640       0.05000       replace       0.01000       0.00500       1.05000       0.00100      12.00000      50.00000       0.04000       1.00000       0.50000       0.50000       0.00001       0.10000       0.00000       0.00000       0.00000  
hydcha042                        4       9.55727       0.49405       0.00807       0.16610       0.05000       replace       0.01000       0.00500       1.05000       0.00100      12.00000      50.00000       0.04000       1.00000       0.50000       0.50000       0.00001       0.10000       0.00000       0.00000       0.00000  
hydcha043                        4       9.53316       0.49322       0.00231       0.23490       0.05000       replace       0.01000       0.00500       1.05000       0.00100      12.00000      50.00000       0.04000       1.00000       0.50000       0.50000       0.00001       0.10000       0.00000       0.00000       0.00000  
hydcha044                        4       9.10008       0.47817       0.00413       0.21060       0.05000       replace       0.01000       0.00500       1.05000       0.00100      12.00000      50.00000       0.04000       1.00000       0.50000       0.50000       0.00001       0.10000       0.00000       0.00000       0.00000  
hydcha045                        4       9.04158       0.47612       0.00603       0.22480       0.05000       replace       0.01000       0.00500       1.05000       0.00100      12.00000      50.00000       0.04000       1.00000       0.50000       0.50000       0.00001       0.10000       0.00000       0.00000       0.00000  
hydcha046                        4       9.01304       0.47511       0.00520       0.50830       0.05000       replace       0.01000       0.00500       1.05000       0.00100      12.00000      50.00000       0.04000       1.00000       0.50000       0.50000       0.00001       0.10000       0.00000       0.00000       0.00000  
hydcha047                        3       2.05494       0.17732       0.00734       0.34220       0.05000       replace       0.01000       0.00500       1.05000       0.00100      12.00000      50.00000       0.04000       1.00000       0.50000       0.50000       0.00001       0.10000       0.00000       0.00000       0.00000  
hydcha048                        2       1.86830       0.16641       0.00685       0.10320       0.05000       replace       0.01000       0.00500       1.05000       0.00100      12.00000      50.00000       0.04000       1.00000       0.50000       0.50000       0.00001       0.10000       0.00000       0.00000       0.00000  
hydcha049                        3       1.90455       0.16856       0.01138       0.42350       0.05000       replace       0.01000       0.00500       1.05000       0.00100      12.00000      50.00000       0.04000       1.00000       0.50000       0.50000       0.00001       0.10000       0.00000       0.00000       0.00000  
hydcha050                        2       1.75063       0.15935       0.02219       0.44960       0.05000       replace       0.01000       0.00500       1.05000       0.00100      12.00000      50.00000       0.04000       1.00000       0.50000       0.50000       0.00001       0.10000       0.00000       0.00000       0.00000  
hydcha051                        3       1.65862       0.15371       0.01904       0.41940       0.05000       replace       0.01000       0.00500       1.05000       0.00100      12.00000      50.00000       0.04000       1.00000       0.50000       0.50000       0.00001       0.10000       0.00000       0.00000       0.00000  
hydcha052                        2       1.36040       0.13469       0.02386       0.57120       0.05000       replace       0.01000       0.00500       1.05000       0.00100      12.00000      50.00000       0.04000       1.00000       0.50000       0.50000       0.00001       0.10000       0.00000       0.00000       0.00000  
hydcha053                        2       1.51750       0.14487       0.02185       0.80440       0.05000       replace       0.01000       0.00500       1.05000       0.00100      12.00000      50.00000       0.04000       1.00000       0.50000       0.50000       0.00001       0.10000       0.00000       0.00000       0.00000  
hydcha054                        3       1.52447       0.14531       0.00885       0.21060       0.05000       replace       0.01000       0.00500       1.05000       0.00100      12.00000      50.00000       0.04000       1.00000       0.50000       0.50000       0.00001       0.10000       0.00000       0.00000       0.00000  
hydcha055                        3       1.93755       0.17050       0.00159       0.51840       0.05000       replace       0.01000       0.00500       1.05000       0.00100      12.00000      50.00000       0.04000       1.00000       0.50000       0.50000       0.00001       0.10000       0.00000       0.00000       0.00000  
hydcha056                        3       1.69590       0.15601       0.00433       0.05870       0.05000       replace       0.01000       0.00500       1.05000       0.00100      12.00000      50.00000       0.04000       1.00000       0.50000       0.50000       0.00001       0.10000       0.00000       0.00000       0.00000  
hydcha057                        3       1.45374       0.14078       0.01480       0.38080       0.05000       replace       0.01000       0.00500       1.05000       0.00100      12.00000      50.00000       0.04000       1.00000       0.50000       0.50000       0.00001       0.10000       0.00000       0.00000       0.00000  
hydcha058                        3       1.62862       0.15186       0.00471       0.05870       0.05000       replace       0.01000       0.00500       1.05000       0.00100      12.00000      50.00000       0.04000       1.00000       0.50000       0.50000       0.00001       0.10000       0.00000       0.00000       0.00000  
hydcha059                        4       1.93441       0.17031       0.02871       0.29780       0.05000       replace       0.01000       0.00500       1.05000       0.00100      12.00000      50.00000       0.04000       1.00000       0.50000       0.50000       0.00001       0.10000       0.00000       0.00000       0.00000  
hydcha060                        3       1.36040       0.13469       0.02607       0.42530       0.05000       replace       0.01000       0.00500       1.05000       0.00100      12.00000      50.00000       0.04000       1.00000       0.50000       0.50000       0.00001       0.10000       0.00000       0.00000       0.00000  
hydcha061                        3       1.18334       0.12273       0.03373       0.41940       0.05000       replace       0.01000       0.00500       1.05000       0.00100      12.00000      50.00000       0.04000       1.00000       0.50000       0.50000       0.00001       0.10000       0.00000       0.00000       0.00000  
hydcha062                        3       1.11409       0.11790       0.04341       0.46970       0.05000       replace       0.01000       0.00500       1.05000       0.00100      12.00000      50.00000       0.04000       1.00000       0.50000       0.50000       0.00001       0.10000       0.00000       0.00000       0.00000  
hydcha063                        3       0.91001       0.10302       0.01556       0.11740       0.05000       replace       0.01000       0.00500       1.05000       0.00100      12.00000      50.00000       0.04000       1.00000       0.50000       0.50000       0.00001       0.10000       0.00000       0.00000       0.00000  
hydcha064                        2       0.69844       0.08636       0.02634       0.15600       0.05000       replace       0.01000       0.00500       1.05000       0.00100      12.00000      50.00000       0.04000       1.00000       0.50000       0.50000       0.00001       0.10000       0.00000       0.00000       0.00000  
hydcha065                        1       0.52847       0.07171       0.08084       0.46970       0.05000       replace       0.01000       0.00500       1.05000       0.00100      12.00000      50.00000       0.04000       1.00000       0.50000       0.50000       0.00001       0.10000       0.00000       0.00000       0.00000  
hydcha066                        1       0.29061       0.04813       0.11935       0.10740       0.05000       replace       0.01000       0.00500       1.05000       0.00100      12.00000      50.00000       0.04000       1.00000       0.50000       0.50000       0.00001       0.10000       0.00000       0.00000       0.00000  
hydcha067                        1       0.38056       0.05761       0.01449       0.26340       0.05000       replace       0.01000       0.00500       1.05000       0.00100      12.00000      50.00000       0.04000       1.00000       0.50000       0.50000       0.00001       0.10000       0.00000       0.00000       0.00000  
hydcha068                        1       0.60229       0.07824       0.02616       1.02500       0.05000       replace       0.01000       0.00500       1.05000       0.00100      12.00000      50.00000       0.04000       1.00000       0.50000       0.50000       0.00001       0.10000       0.00000       0.00000       0.00000  
hydcha069                        1       0.55139       0.07377       0.02978       0.73140       0.05000       replace       0.01000       0.00500       1.05000       0.00100      12.00000      50.00000       0.04000       1.00000       0.50000       0.50000       0.00001       0.10000       0.00000       0.00000       0.00000  
hydcha070                        2       0.81104       0.09541       0.07118       0.92770       0.05000       replace       0.01000       0.00500       1.05000       0.00100      12.00000      50.00000       0.04000       1.00000       0.50000       0.50000       0.00001       0.10000       0.00000       0.00000       0.00000  
hydcha071                        2       0.47342       0.06664       0.02088       0.13170       0.05000       replace       0.01000       0.00500       1.05000       0.00100      12.00000      50.00000       0.04000       1.00000       0.50000       0.50000       0.00001       0.10000       0.00000       0.00000       0.00000  
hydcha072                        1       0.32283       0.05163       0.00949       0.25330       0.05000       replace       0.01000       0.00500       1.05000       0.00100      12.00000      50.00000       0.04000       1.00000       0.50000       0.50000       0.00001       0.10000       0.00000       0.00000       0.00000  
hydcha073                        1       0.34426       0.05389       0.00864       0.19040       0.05000       replace       0.01000       0.00500       1.05000       0.00100      12.00000      50.00000       0.04000       1.00000       0.50000       0.50000       0.00001       0.10000       0.00000       0.00000       0.00000  
hydcha074                        1       0.47073       0.06638       0.01990       0.59140       0.05000       replace       0.01000       0.00500       1.05000       0.00100      12.00000      50.00000       0.04000       1.00000       0.50000       0.50000       0.00001       0.10000       0.00000       0.00000       0.00000  
hydcha075                        2       0.57053       0.07546       0.01926       0.06880       0.05000       replace       0.01000       0.00500       1.05000       0.00100      12.00000      50.00000       0.04000       1.00000       0.50000       0.50000       0.00001       0.10000       0.00000       0.00000       0.00000  
hydcha076                        2       0.68526       0.08527       0.01156       0.31200       0.05000       replace       0.01000       0.00500       1.05000       0.00100      12.00000      50.00000       0.04000       1.00000       0.50000       0.50000       0.00001       0.10000       0.00000       0.00000       0.00000  
hydcha077                        2       0.47520       0.06680       0.05930       0.25330       0.05000       replace       0.01000       0.00500       1.05000       0.00100      12.00000      50.00000       0.04000       1.00000       0.50000       0.50000       0.00001       0.10000       0.00000       0.00000       0.00000  
hydcha078                        2       0.57525       0.07588       0.00004       0.03440       0.05000       replace       0.01000       0.00500       1.05000       0.00100      12.00000      50.00000       0.04000       1.00000       0.50000       0.50000       0.00001       0.10000       0.00000       0.00000       0.00000  
hydcha079                        2       0.49541       0.06868       0.04529       0.19040       0.05000       replace       0.01000       0.00500       1.05000       0.00100      12.00000      50.00000       0.04000       1.00000       0.50000       0.50000       0.00001       0.10000       0.00000       0.00000       0.00000  
hydcha080                        1       0.29676       0.04881       0.04754       0.15180       0.05000       replace       0.01000       0.00500       1.05000       0.00100      12.00000      50.00000       0.04000       1.00000       0.50000       0.50000       0.00001       0.10000       0.00000       0.00000       0.00000  
hydcha081                        1       0.27934       0.04688       0.02686       0.09730       0.05000       replace       0.01000       0.00500       1.05000       0.00100      12.00000      50.00000       0.04000       1.00000       0.50000       0.50000       0.00001       0.10000       0.00000       0.00000       0.00000  
hydcha082                        1       0.28061       0.04702       0.05397       0.10740       0.05000       replace       0.01000       0.00500       1.05000       0.00100      12.00000      50.00000       0.04000       1.00000       0.50000       0.50000       0.00001       0.10000       0.00000       0.00000       0.00000  
hydcha083                        1       0.27165       0.04601       0.05832       0.02430       0.05000       replace       0.01000       0.00500       1.05000       0.00100      12.00000      50.00000       0.04000       1.00000       0.50000       0.50000       0.00001       0.10000       0.00000       0.00000       0.00000  
hydcha084                        1       0.40682       0.06023       0.07440       0.73140       0.05000       replace       0.01000       0.00500       1.05000       0.00100      12.00000      50.00000       0.04000       1.00000       0.50000       0.50000       0.00001       0.10000       0.00000       0.00000       0.00000  
hydcha085                        1       0.53426       0.07223       0.02417       0.41100       0.05000       replace       0.01000       0.00500       1.05000       0.00100      12.00000      50.00000       0.04000       1.00000       0.50000       0.50000       0.00001       0.10000       0.00000       0.00000       0.00000  
hydcha086                        1       0.53673       0.07245       0.01407       0.93360       0.05000       replace       0.01000       0.00500       1.05000       0.00100      12.00000      50.00000       0.04000       1.00000       0.50000       0.50000       0.00001       0.10000       0.00000       0.00000       0.00000  
hydcha087                        1       0.30281       0.04947       0.00004       0.09730       0.05000       replace       0.01000       0.00500       1.05000       0.00100      12.00000      50.00000       0.04000       1.00000       0.50000       0.50000       0.00001       0.10000       0.00000       0.00000       0.00000  
hydcha088                        1       0.28938       0.04799       0.12785       0.05870       0.05000       replace       0.01000       0.00500       1.05000       0.00100      12.00000      50.00000       0.04000       1.00000       0.50000       0.50000       0.00001       0.10000       0.00000       0.00000       0.00000  
hydcha089                        1       0.55380       0.07398       0.00557       0.29780       0.05000       replace       0.01000       0.00500       1.05000       0.00100      12.00000      50.00000       0.04000       1.00000       0.50000       0.50000       0.00001       0.10000       0.00000       0.00000       0.00000  
hydcha090                        1       0.27294       0.04616       0.01584       0.07300       0.05000       replace       0.01000       0.00500       1.05000       0.00100      12.00000      50.00000       0.04000       1.00000       0.50000       0.50000       0.00001       0.10000       0.00000       0.00000       0.00000  
hydcha091                        1       0.32742       0.05211       0.00064       0.12750       0.05000       replace       0.01000       0.00500       1.05000       0.00100      12.00000      50.00000       0.04000       1.00000       0.50000       0.50000       0.00001       0.10000       0.00000       0.00000       0.00000  
hydcha092                        1       0.28689       0.04772       0.20507       0.08300       0.05000       replace       0.01000       0.00500       1.05000       0.00100      12.00000      50.00000       0.04000       1.00000       0.50000       0.50000       0.00001       0.10000       0.00000       0.00000       0.00000  
hydcha093                        1       0.45164       0.06458       0.02807       0.61150       0.05000       replace       0.01000       0.00500       1.05000       0.00100      12.00000      50.00000       0.04000       1.00000       0.50000       0.50000       0.00001       0.10000       0.00000       0.00000       0.00000  
hydcha094                        1       0.27423       0.04630       0.05998       0.09730       0.05000       replace       0.01000       0.00500       1.05000       0.00100      12.00000      50.00000       0.04000       1.00000       0.50000       0.50000       0.00001       0.10000       0.00000       0.00000       0.00000  
hydcha095                        1       0.34205       0.05365       0.03931       0.11740       0.05000       replace       0.01000       0.00500       1.05000       0.00100      12.00000      50.00000       0.04000       1.00000       0.50000       0.50000       0.00001       0.10000       0.00000       0.00000       0.00000  
hydcha096                        1       0.41565       0.06110       0.02802       0.48230       0.05000       replace       0.01000       0.00500       1.05000       0.00100      12.00000      50.00000       0.04000       1.00000       0.50000       0.50000       0.00001       0.10000       0.00000       0.00000       0.00000  
hydcha097                        1       0.33197       0.05260       0.05858       0.10740       0.05000       replace       0.01000       0.00500       1.05000       0.00100      12.00000      50.00000       0.04000       1.00000       0.50000       0.50000       0.00001       0.10000       0.00000       0.00000       0.00000  
hydcha098                        1       0.36165       0.05569       0.02669       0.12750       0.05000       replace       0.01000       0.00500       1.05000       0.00100      12.00000      50.00000       0.04000       1.00000       0.50000       0.50000       0.00001       0.10000       0.00000       0.00000       0.00000  
hydcha099                        1       0.46352       0.06570       0.01549       0.35650       0.05000       replace       0.01000       0.00500       1.05000       0.00100      12.00000      50.00000       0.04000       1.00000       0.50000       0.50000       0.00001       0.10000       0.00000       0.00000       0.00000  
hydcha100                        1       0.27807       0.04674       0.00604       0.09730       0.05000       replace       0.01000       0.00500       1.05000       0.00100      12.00000      50.00000       0.04000       1.00000       0.50000       0.50000       0.00001       0.10000       0.00000       0.00000       0.00000  
hydcha101                        1       0.29676       0.04881       0.00301       0.07300       0.05000       replace       0.01000       0.00500       1.05000       0.00100      12.00000      50.00000       0.04000       1.00000       0.50000       0.50000       0.00001       0.10000       0.00000       0.00000       0.00000  
hydcha102                        1       0.42819       0.06232       0.03053       0.61570       0.05000       replace       0.01000       0.00500       1.05000       0.00100      12.00000      50.00000       0.04000       1.00000       0.50000       0.50000       0.00001       0.10000       0.00000       0.00000       0.00000  
hydcha103                        4      10.21366       0.51642       0.00158       0.49820       0.05000       replace       0.01000       0.00500       1.05000       0.00100      12.00000      50.00000       0.04000       1.00000       0.50000       0.50000       0.00001       0.10000       0.00000       0.00000       0.00000  
hydcha104                        4      10.16101       0.51465       0.00257       0.36660       0.05000       replace       0.01000       0.00500       1.05000       0.00100      12.00000      50.00000       0.04000       1.00000       0.50000       0.50000       0.00001       0.10000       0.00000       0.00000       0.00000  
hydcha105                        4       9.72925       0.49996       0.00285       0.69280       0.05000       replace       0.01000       0.00500       1.05000       0.00100      12.00000      50.00000       0.04000       1.00000       0.50000       0.50000       0.00001       0.10000       0.00000       0.00000       0.00000  
hydcha106                        4       8.83853       0.46896       0.00573       0.26930       0.05000       replace       0.01000       0.00500       1.05000       0.00100      12.00000      50.00000       0.04000       1.00000       0.50000       0.50000       0.00001       0.10000       0.00000       0.00000       0.00000  
hydcha107                        4       8.27697       0.44888       0.00260       0.19040       0.05000       replace       0.01000       0.00500       1.05000       0.00100      12.00000      50.00000       0.04000       1.00000       0.50000       0.50000       0.00001       0.10000       0.00000       0.00000       0.00000  
hydcha108                        4       8.20556       0.44630       0.00637       0.04860       0.05000       replace       0.01000       0.00500       1.05000       0.00100      12.00000      50.00000       0.04000       1.00000       0.50000       0.50000       0.00001       0.10000       0.00000       0.00000       0.00000  
hydcha109                        4       8.08965       0.44208       0.00671       1.05940       0.05000       replace       0.01000       0.00500       1.05000       0.00100      12.00000      50.00000       0.04000       1.00000       0.50000       0.50000       0.00001       0.10000       0.00000       0.00000       0.00000  
hydcha110                        4       7.91073       0.43554       0.00707       0.29360       0.05000       replace       0.01000       0.00500       1.05000       0.00100      12.00000      50.00000       0.04000       1.00000       0.50000       0.50000       0.00001       0.10000       0.00000       0.00000       0.00000  
hydcha111                        4       7.73297       0.42899       0.00192       0.47390       0.05000       replace       0.01000       0.00500       1.05000       0.00100      12.00000      50.00000       0.04000       1.00000       0.50000       0.50000       0.00001       0.10000       0.00000       0.00000       0.00000  
hydcha112                        3       2.36396       0.19468       0.00477       0.68450       0.05000       replace       0.01000       0.00500       1.05000       0.00100      12.00000      50.00000       0.04000       1.00000       0.50000       0.50000       0.00001       0.10000       0.00000       0.00000       0.00000  
hydcha113                        3       2.24706       0.18820       0.00942       0.64590       0.05000       replace       0.01000       0.00500       1.05000       0.00100      12.00000      50.00000       0.04000       1.00000       0.50000       0.50000       0.00001       0.10000       0.00000       0.00000       0.00000  
hydcha114                        3       2.07168       0.17828       0.00635       0.12750       0.05000       replace       0.01000       0.00500       1.05000       0.00100      12.00000      50.00000       0.04000       1.00000       0.50000       0.50000       0.00001       0.10000       0.00000       0.00000       0.00000  
hydcha115                        4       3.79826       0.26706       0.00449       0.25500       0.05000       replace       0.01000       0.00500       1.05000       0.00100      12.00000      50.00000       0.04000       1.00000       0.50000       0.50000       0.00001       0.10000       0.00000       0.00000       0.00000  
hydcha116                        4       3.44079       0.25003       0.00291       0.35230       0.05000       replace       0.01000       0.00500       1.05000       0.00100      12.00000      50.00000       0.04000       1.00000       0.50000       0.50000       0.00001       0.10000       0.00000       0.00000       0.00000  
hydcha117                        2       1.45838       0.14108       0.01804       1.88980       0.05000       replace       0.01000       0.00500       1.05000       0.00100      12.00000      50.00000       0.04000       1.00000       0.50000       0.50000       0.00001       0.10000       0.00000       0.00000       0.00000  
hydcha118                        3       2.11577       0.18080       0.00311       0.66260       0.05000       replace       0.01000       0.00500       1.05000       0.00100      12.00000      50.00000       0.04000       1.00000       0.50000       0.50000       0.00001       0.10000       0.00000       0.00000       0.00000  
hydcha119                        4       2.35049       0.19393       0.01244       0.40100       0.05000       replace       0.01000       0.00500       1.05000       0.00100      12.00000      50.00000       0.04000       1.00000       0.50000       0.50000       0.00001       0.10000       0.00000       0.00000       0.00000  
hydcha120                        3       2.00587       0.17448       0.01658       0.22480       0.05000       replace       0.01000       0.00500       1.05000       0.00100      12.00000      50.00000       0.04000       1.00000       0.50000       0.50000       0.00001       0.10000       0.00000       0.00000       0.00000  
hydcha121                        4       2.11017       0.18048       0.01954       0.81440       0.05000       replace       0.01000       0.00500       1.05000       0.00100      12.00000      50.00000       0.04000       1.00000       0.50000       0.50000       0.00001       0.10000       0.00000       0.00000       0.00000  
hydcha122                        3       1.82649       0.16392       0.01319       1.14000       0.05000       replace       0.01000       0.00500       1.05000       0.00100      12.00000      50.00000       0.04000       1.00000       0.50000       0.50000       0.00001       0.10000       0.00000       0.00000       0.00000  
hydcha123                        4       2.01949       0.17527       0.03397       0.25500       0.05000       replace       0.01000       0.00500       1.05000       0.00100      12.00000      50.00000       0.04000       1.00000       0.50000       0.50000       0.00001       0.10000       0.00000       0.00000       0.00000  
hydcha124                        1       0.91347       0.10328       0.02036       1.71190       0.05000       replace       0.01000       0.00500       1.05000       0.00100      12.00000      50.00000       0.04000       1.00000       0.50000       0.50000       0.00001       0.10000       0.00000       0.00000       0.00000  
hydcha125                        2       0.74299       0.08999       0.00812       0.12750       0.05000       replace       0.01000       0.00500       1.05000       0.00100      12.00000      50.00000       0.04000       1.00000       0.50000       0.50000       0.00001       0.10000       0.00000       0.00000       0.00000  
hydcha126                        2       1.00009       0.10971       0.00766       0.17620       0.05000       replace       0.01000       0.00500       1.05000       0.00100      12.00000      50.00000       0.04000       1.00000       0.50000       0.50000       0.00001       0.10000       0.00000       0.00000       0.00000  
hydcha127                        2       0.88375       0.10103       0.00892       0.46380       0.05000       replace       0.01000       0.00500       1.05000       0.00100      12.00000      50.00000       0.04000       1.00000       0.50000       0.50000       0.00001       0.10000       0.00000       0.00000       0.00000  
hydcha128                        2       0.85697       0.09898       0.00618       0.32380       0.05000       replace       0.01000       0.00500       1.05000       0.00100      12.00000      50.00000       0.04000       1.00000       0.50000       0.50000       0.00001       0.10000       0.00000       0.00000       0.00000  
hydcha129                        2       0.95827       0.10663       0.01098       0.85470       0.05000       replace       0.01000       0.00500       1.05000       0.00100      12.00000      50.00000       0.04000       1.00000       0.50000       0.50000       0.00001       0.10000       0.00000       0.00000       0.00000  
hydcha130                        1       0.87073       0.10003       0.01594       1.19110       0.05000       replace       0.01000       0.00500       1.05000       0.00100      12.00000      50.00000       0.04000       1.00000       0.50000       0.50000       0.00001       0.10000       0.00000       0.00000       0.00000  
hydcha131                        1       0.57211       0.07560       0.00921       0.81860       0.05000       replace       0.01000       0.00500       1.05000       0.00100      12.00000      50.00000       0.04000       1.00000       0.50000       0.50000       0.00001       0.10000       0.00000       0.00000       0.00000  
hydcha132                        1       0.55621       0.07420       0.02668       0.51840       0.05000       replace       0.01000       0.00500       1.05000       0.00100      12.00000      50.00000       0.04000       1.00000       0.50000       0.50000       0.00001       0.10000       0.00000       0.00000       0.00000  
hydcha133                        1       0.53755       0.07253       0.01632       0.53680       0.05000       replace       0.01000       0.00500       1.05000       0.00100      12.00000      50.00000       0.04000       1.00000       0.50000       0.50000       0.00001       0.10000       0.00000       0.00000       0.00000  
hydcha134                        1       0.62853       0.08050       0.01921       0.75740       0.05000       replace       0.01000       0.00500       1.05000       0.00100      12.00000      50.00000       0.04000       1.00000       0.50000       0.50000       0.00001       0.10000       0.00000       0.00000       0.00000  
hydcha135                        2       1.19109       0.12327       0.00577       0.27340       0.05000       replace       0.01000       0.00500       1.05000       0.00100      12.00000      50.00000       0.04000       1.00000       0.50000       0.50000       0.00001       0.10000       0.00000       0.00000       0.00000  
hydcha136                        2       1.02538       0.11155       0.01476       0.58130       0.05000       replace       0.01000       0.00500       1.05000       0.00100      12.00000      50.00000       0.04000       1.00000       0.50000       0.50000       0.00001       0.10000       0.00000       0.00000       0.00000  
hydcha137                        2       0.82407       0.09643       0.00001       0.05870       0.05000       replace       0.01000       0.00500       1.05000       0.00100      12.00000      50.00000       0.04000       1.00000       0.50000       0.50000       0.00001       0.10000       0.00000       0.00000       0.00000  
hydcha138                        2       0.57211       0.07560       0.01121       0.11740       0.05000       replace       0.01000       0.00500       1.05000       0.00100      12.00000      50.00000       0.04000       1.00000       0.50000       0.50000       0.00001       0.10000       0.00000       0.00000       0.00000  
hydcha139                        1       0.38672       0.05823       0.03476       0.52670       0.05000       replace       0.01000       0.00500       1.05000       0.00100      12.00000      50.00000       0.04000       1.00000       0.50000       0.50000       0.00001       0.10000       0.00000       0.00000       0.00000  
hydcha140                        1       0.28439       0.04744       0.00668       0.15600       0.05000       replace       0.01000       0.00500       1.05000       0.00100      12.00000      50.00000       0.04000       1.00000       0.50000       0.50000       0.00001       0.10000       0.00000       0.00000       0.00000  
hydcha141                        1       0.43955       0.06342       0.01433       0.30780       0.05000       replace       0.01000       0.00500       1.05000       0.00100      12.00000      50.00000       0.04000       1.00000       0.50000       0.50000       0.00001       0.10000       0.00000       0.00000       0.00000  
hydcha142                        1       0.32052       0.05138       0.00313       0.04860       0.05000       replace       0.01000       0.00500       1.05000       0.00100      12.00000      50.00000       0.04000       1.00000       0.50000       0.50000       0.00001       0.10000       0.00000       0.00000       0.00000  
hydcha143                        1       0.26775       0.04557       0.02679       0.03440       0.05000       replace       0.01000       0.00500       1.05000       0.00100      12.00000      50.00000       0.04000       1.00000       0.50000       0.50000       0.00001       0.10000       0.00000       0.00000       0.00000  
hydcha144                        1       0.36591       0.05612       0.01750       0.23900       0.05000       replace       0.01000       0.00500       1.05000       0.00100      12.00000      50.00000       0.04000       1.00000       0.50000       0.50000       0.00001       0.10000       0.00000       0.00000       0.00000  
hydcha145                        1       0.33759       0.05319       0.01536       0.25920       0.05000       replace       0.01000       0.00500       1.05000       0.00100      12.00000      50.00000       0.04000       1.00000       0.50000       0.50000       0.00001       0.10000       0.00000       0.00000       0.00000  
hydcha146                        1       0.43767       0.06324       0.03683       0.51250       0.05000       replace       0.01000       0.00500       1.05000       0.00100      12.00000      50.00000       0.04000       1.00000       0.50000       0.50000       0.00001       0.10000       0.00000       0.00000       0.00000  
hydcha147                        1       0.49541       0.06868       0.01198       0.38500       0.05000       replace       0.01000       0.00500       1.05000       0.00100      12.00000      50.00000       0.04000       1.00000       0.50000       0.50000       0.00001       0.10000       0.00000       0.00000       0.00000  
hydcha148                        1       0.34537       0.05400       0.00403       0.15600       0.05000       replace       0.01000       0.00500       1.05000       0.00100      12.00000      50.00000       0.04000       1.00000       0.50000       0.50000       0.00001       0.10000       0.00000       0.00000       0.00000  
hydcha149                        1       0.38877       0.05844       0.03287       0.37070       0.05000       replace       0.01000       0.00500       1.05000       0.00100      12.00000      50.00000       0.04000       1.00000       0.50000       0.50000       0.00001       0.10000       0.00000       0.00000       0.00000  
hydcha150                        1       0.28313       0.04730       0.01160       0.08300       0.05000       replace       0.01000       0.00500       1.05000       0.00100      12.00000      50.00000       0.04000       1.00000       0.50000       0.50000       0.00001       0.10000       0.00000       0.00000       0.00000  
hydcha151                        1       0.30281       0.04947       0.00248       0.04860       0.05000       replace       0.01000       0.00500       1.05000       0.00100      12.00000      50.00000       0.04000       1.00000       0.50000       0.50000       0.00001       0.10000       0.00000       0.00000       0.00000  
hydcha152                        1       0.28187       0.04716       0.02310       0.02430       0.05000       replace       0.01000       0.00500       1.05000       0.00100      12.00000      50.00000       0.04000       1.00000       0.50000       0.50000       0.00001       0.10000       0.00000       0.00000       0.00000  
hydcha153                        1       0.54815       0.07348       0.01569       0.85890       0.05000       replace       0.01000       0.00500       1.05000       0.00100      12.00000      50.00000       0.04000       1.00000       0.50000       0.50000       0.00001       0.10000       0.00000       0.00000       0.00000  
hydcha154                        1       0.60684       0.07863       0.01663       0.73900       0.05000       replace       0.01000       0.00500       1.05000       0.00100      12.00000      50.00000       0.04000       1.00000       0.50000       0.50000       0.00001       0.10000       0.00000       0.00000       0.00000  
hydcha155                        4      11.15917       0.54782       0.00152       0.13170       0.05000       replace       0.01000       0.00500       1.05000       0.00100      12.00000      50.00000       0.04000       1.00000       0.50000       0.50000       0.00001       0.10000       0.00000       0.00000       0.00000  
hydcha156                        4      10.38080       0.52204       0.01057       0.14180       0.05000       replace       0.01000       0.00500       1.05000       0.00100      12.00000      50.00000       0.04000       1.00000       0.50000       0.50000       0.00001       0.10000       0.00000       0.00000       0.00000  
hydcha157                        4      10.36129       0.52139       0.01640       0.49820       0.05000       replace       0.01000       0.00500       1.05000       0.00100      12.00000      50.00000       0.04000       1.00000       0.50000       0.50000       0.00001       0.10000       0.00000       0.00000       0.00000  
hydcha158                        4      10.28025       0.51866       0.00001       0.26340       0.05000       replace       0.01000       0.00500       1.05000       0.00100      12.00000      50.00000       0.04000       1.00000       0.50000       0.50000       0.00001       0.10000       0.00000       0.00000       0.00000  
hydcha159                        4       7.65612       0.42614       0.00041       0.02430       0.05000       replace       0.01000       0.00500       1.05000       0.00100      12.00000      50.00000       0.04000       1.00000       0.50000       0.50000       0.00001       0.10000       0.00000       0.00000       0.00000  
hydcha160                        4       7.62269       0.42490       0.00207       0.30780       0.05000       replace       0.01000       0.00500       1.05000       0.00100      12.00000      50.00000       0.04000       1.00000       0.50000       0.50000       0.00001       0.10000       0.00000       0.00000       0.00000  
hydcha161                        4       7.57243       0.42303       0.00216       0.16610       0.05000       replace       0.01000       0.00500       1.05000       0.00100      12.00000      50.00000       0.04000       1.00000       0.50000       0.50000       0.00001       0.10000       0.00000       0.00000       0.00000  
hydcha162                        4       7.54214       0.42190       0.00001       0.02430       0.05000       replace       0.01000       0.00500       1.05000       0.00100      12.00000      50.00000       0.04000       1.00000       0.50000       0.50000       0.00001       0.10000       0.00000       0.00000       0.00000  
hydcha163                        4       7.19538       0.40887       0.00416       0.34640       0.05000       replace       0.01000       0.00500       1.05000       0.00100      12.00000      50.00000       0.04000       1.00000       0.50000       0.50000       0.00001       0.10000       0.00000       0.00000       0.00000  
hydcha164                        3       3.00816       0.22860       0.01212       2.97520       0.05000       replace       0.01000       0.00500       1.05000       0.00100      12.00000      50.00000       0.04000       1.00000       0.50000       0.50000       0.00001       0.10000       0.00000       0.00000       0.00000  
hydcha165                        3       2.49251       0.20167       0.00327       0.51840       0.05000       replace       0.01000       0.00500       1.05000       0.00100      12.00000      50.00000       0.04000       1.00000       0.50000       0.50000       0.00001       0.10000       0.00000       0.00000       0.00000  
hydcha166                        4       6.39650       0.37802       0.00042       0.25920       0.05000       replace       0.01000       0.00500       1.05000       0.00100      12.00000      50.00000       0.04000       1.00000       0.50000       0.50000       0.00001       0.10000       0.00000       0.00000       0.00000  
hydcha167                        4       6.36701       0.37685       0.00173       0.20640       0.05000       replace       0.01000       0.00500       1.05000       0.00100      12.00000      50.00000       0.04000       1.00000       0.50000       0.50000       0.00001       0.10000       0.00000       0.00000       0.00000  
hydcha168                        4       6.17426       0.36921       0.00295       0.25330       0.05000       replace       0.01000       0.00500       1.05000       0.00100      12.00000      50.00000       0.04000       1.00000       0.50000       0.50000       0.00001       0.10000       0.00000       0.00000       0.00000  
hydcha169                        4       6.11783       0.36696       0.00001       0.20460       0.05000       replace       0.01000       0.00500       1.05000       0.00100      12.00000      50.00000       0.04000       1.00000       0.50000       0.50000       0.00001       0.10000       0.00000       0.00000       0.00000  
hydcha170                        4       5.87386       0.35713       0.00064       0.27930       0.05000       replace       0.01000       0.00500       1.05000       0.00100      12.00000      50.00000       0.04000       1.00000       0.50000       0.50000       0.00001       0.10000       0.00000       0.00000       0.00000  
hydcha171                        4       5.81298       0.35466       0.00424       0.09310       0.05000       replace       0.01000       0.00500       1.05000       0.00100      12.00000      50.00000       0.04000       1.00000       0.50000       0.50000       0.00001       0.10000       0.00000       0.00000       0.00000  
hydcha172                        4       5.23166       0.33061       0.00104       0.05870       0.05000       replace       0.01000       0.00500       1.05000       0.00100      12.00000      50.00000       0.04000       1.00000       0.50000       0.50000       0.00001       0.10000       0.00000       0.00000       0.00000  
hydcha173                        2       1.94069       0.17068       0.00773       0.95200       0.05000       replace       0.01000       0.00500       1.05000       0.00100      12.00000      50.00000       0.04000       1.00000       0.50000       0.50000       0.00001       0.10000       0.00000       0.00000       0.00000  
hydcha174                        4       3.86187       0.27003       0.00335       0.33220       0.05000       replace       0.01000       0.00500       1.05000       0.00100      12.00000      50.00000       0.04000       1.00000       0.50000       0.50000       0.00001       0.10000       0.00000       0.00000       0.00000  
hydcha175                        2       1.59746       0.14991       0.00932       0.30190       0.05000       replace       0.01000       0.00500       1.05000       0.00100      12.00000      50.00000       0.04000       1.00000       0.50000       0.50000       0.00001       0.10000       0.00000       0.00000       0.00000  
hydcha176                        2       1.47310       0.14203       0.00386       0.74740       0.05000       replace       0.01000       0.00500       1.05000       0.00100      12.00000      50.00000       0.04000       1.00000       0.50000       0.50000       0.00001       0.10000       0.00000       0.00000       0.00000  
hydcha177                        3       2.99042       0.22770       0.00936       0.73140       0.05000       replace       0.01000       0.00500       1.05000       0.00100      12.00000      50.00000       0.04000       1.00000       0.50000       0.50000       0.00001       0.10000       0.00000       0.00000       0.00000  
hydcha178                        3       2.44169       0.19892       0.02429       1.39740       0.05000       replace       0.01000       0.00500       1.05000       0.00100      12.00000      50.00000       0.04000       1.00000       0.50000       0.50000       0.00001       0.10000       0.00000       0.00000       0.00000  
hydcha179                        3       2.18997       0.18500       0.05049       0.68270       0.05000       replace       0.01000       0.00500       1.05000       0.00100      12.00000      50.00000       0.04000       1.00000       0.50000       0.50000       0.00001       0.10000       0.00000       0.00000       0.00000  
hydcha180                        3       1.99562       0.17389       0.00650       0.20050       0.05000       replace       0.01000       0.00500       1.05000       0.00100      12.00000      50.00000       0.04000       1.00000       0.50000       0.50000       0.00001       0.10000       0.00000       0.00000       0.00000  
hydcha181                        2       1.68443       0.15530       0.04129       0.27340       0.05000       replace       0.01000       0.00500       1.05000       0.00100      12.00000      50.00000       0.04000       1.00000       0.50000       0.50000       0.00001       0.10000       0.00000       0.00000       0.00000  
hydcha182                        2       1.37669       0.13576       0.05770       0.59970       0.05000       replace       0.01000       0.00500       1.05000       0.00100      12.00000      50.00000       0.04000       1.00000       0.50000       0.50000       0.00001       0.10000       0.00000       0.00000       0.00000  
hydcha183                        2       1.14213       0.11987       0.01160       0.02430       0.05000       replace       0.01000       0.00500       1.05000       0.00100      12.00000      50.00000       0.04000       1.00000       0.50000       0.50000       0.00001       0.10000       0.00000       0.00000       0.00000  
hydcha184                        2       1.35465       0.13431       0.00253       0.43950       0.05000       replace       0.01000       0.00500       1.05000       0.00100      12.00000      50.00000       0.04000       1.00000       0.50000       0.50000       0.00001       0.10000       0.00000       0.00000       0.00000  
hydcha185                        2       0.82839       0.09676       0.04299       0.05870       0.05000       replace       0.01000       0.00500       1.05000       0.00100      12.00000      50.00000       0.04000       1.00000       0.50000       0.50000       0.00001       0.10000       0.00000       0.00000       0.00000  
hydcha186                        2       1.09172       0.11631       0.00681       0.20460       0.05000       replace       0.01000       0.00500       1.05000       0.00100      12.00000      50.00000       0.04000       1.00000       0.50000       0.50000       0.00001       0.10000       0.00000       0.00000       0.00000  
hydcha187                        2       0.80479       0.09492       0.00001       0.08300       0.05000       replace       0.01000       0.00500       1.05000       0.00100      12.00000      50.00000       0.04000       1.00000       0.50000       0.50000       0.00001       0.10000       0.00000       0.00000       0.00000  
hydcha188                        3       1.29070       0.13005       0.00265       0.43530       0.05000       replace       0.01000       0.00500       1.05000       0.00100      12.00000      50.00000       0.04000       1.00000       0.50000       0.50000       0.00001       0.10000       0.00000       0.00000       0.00000  
hydcha189                        2       0.71824       0.08798       0.09862       0.13170       0.05000       replace       0.01000       0.00500       1.05000       0.00100      12.00000      50.00000       0.04000       1.00000       0.50000       0.50000       0.00001       0.10000       0.00000       0.00000       0.00000  
hydcha190                        2       1.14063       0.11976       0.01037       0.23490       0.05000       replace       0.01000       0.00500       1.05000       0.00100      12.00000      50.00000       0.04000       1.00000       0.50000       0.50000       0.00001       0.10000       0.00000       0.00000       0.00000  
hydcha191                        2       0.81602       0.09580       0.00498       0.51840       0.05000       replace       0.01000       0.00500       1.05000       0.00100      12.00000      50.00000       0.04000       1.00000       0.50000       0.50000       0.00001       0.10000       0.00000       0.00000       0.00000  
hydcha192                        2       0.69568       0.08613       0.01663       0.19040       0.05000       replace       0.01000       0.00500       1.05000       0.00100      12.00000      50.00000       0.04000       1.00000       0.50000       0.50000       0.00001       0.10000       0.00000       0.00000       0.00000  
hydcha193                        2       0.66695       0.08374       0.00695       0.41100       0.05000       replace       0.01000       0.00500       1.05000       0.00100      12.00000      50.00000       0.04000       1.00000       0.50000       0.50000       0.00001       0.10000       0.00000       0.00000       0.00000  
hydcha194                        2       0.94481       0.10563       0.00211       0.75150       0.05000       replace       0.01000       0.00500       1.05000       0.00100      12.00000      50.00000       0.04000       1.00000       0.50000       0.50000       0.00001       0.10000       0.00000       0.00000       0.00000  
hydcha195                        1       0.68526       0.08527       0.00337       0.91340       0.05000       replace       0.01000       0.00500       1.05000       0.00100      12.00000      50.00000       0.04000       1.00000       0.50000       0.50000       0.00001       0.10000       0.00000       0.00000       0.00000  
hydcha196                        2       0.80039       0.09457       0.00421       0.66430       0.05000       replace       0.01000       0.00500       1.05000       0.00100      12.00000      50.00000       0.04000       1.00000       0.50000       0.50000       0.00001       0.10000       0.00000       0.00000       0.00000  
hydcha197                        1       0.35950       0.05547       0.06719       0.41940       0.05000       replace       0.01000       0.00500       1.05000       0.00100      12.00000      50.00000       0.04000       1.00000       0.50000       0.50000       0.00001       0.10000       0.00000       0.00000       0.00000  
hydcha198                        1       0.48757       0.06796       0.05714       0.41940       0.05000       replace       0.01000       0.00500       1.05000       0.00100      12.00000      50.00000       0.04000       1.00000       0.50000       0.50000       0.00001       0.10000       0.00000       0.00000       0.00000  
hydcha199                        1       0.37328       0.05687       0.01326       0.25920       0.05000       replace       0.01000       0.00500       1.05000       0.00100      12.00000      50.00000       0.04000       1.00000       0.50000       0.50000       0.00001       0.10000       0.00000       0.00000       0.00000  
hydcha200                        1       0.78519       0.09337       0.00328       0.98810       0.05000       replace       0.01000       0.00500       1.05000       0.00100      12.00000      50.00000       0.04000       1.00000       0.50000       0.50000       0.00001       0.10000       0.00000       0.00000       0.00000  
hydcha201                        1       0.68386       0.08515       0.06648       0.97630       0.05000       replace       0.01000       0.00500       1.05000       0.00100      12.00000      50.00000       0.04000       1.00000       0.50000       0.50000       0.00001       0.10000       0.00000       0.00000       0.00000  
hydcha202                        1       0.52515       0.07141       0.04217       0.70880       0.05000       replace       0.01000       0.00500       1.05000       0.00100      12.00000      50.00000       0.04000       1.00000       0.50000       0.50000       0.00001       0.10000       0.00000       0.00000       0.00000  
hydcha203                        1       0.47252       0.06655       0.00076       0.25920       0.05000       replace       0.01000       0.00500       1.05000       0.00100      12.00000      50.00000       0.04000       1.00000       0.50000       0.50000       0.00001       0.10000       0.00000       0.00000       0.00000  
hydcha204                        1       0.33647       0.05307       0.08958       0.40100       0.05000       replace       0.01000       0.00500       1.05000       0.00100      12.00000      50.00000       0.04000       1.00000       0.50000       0.50000       0.00001       0.10000       0.00000       0.00000       0.00000  
hydcha205                        1       0.44143       0.06360       0.05112       0.48820       0.05000       replace       0.01000       0.00500       1.05000       0.00100      12.00000      50.00000       0.04000       1.00000       0.50000       0.50000       0.00001       0.10000       0.00000       0.00000       0.00000  
hydcha206                        1       0.33871       0.05331       0.03807       0.27340       0.05000       replace       0.01000       0.00500       1.05000       0.00100      12.00000      50.00000       0.04000       1.00000       0.50000       0.50000       0.00001       0.10000       0.00000       0.00000       0.00000  
hydcha207                        2       0.73169       0.08908       0.01163       0.46380       0.05000       replace       0.01000       0.00500       1.05000       0.00100      12.00000      50.00000       0.04000       1.00000       0.50000       0.50000       0.00001       0.10000       0.00000       0.00000       0.00000  
hydcha208                        1       0.48229       0.06747       0.06359       0.91590       0.05000       replace       0.01000       0.00500       1.05000       0.00100      12.00000      50.00000       0.04000       1.00000       0.50000       0.50000       0.00001       0.10000       0.00000       0.00000       0.00000  
hydcha209                        1       0.45898       0.06527       0.02444       0.73310       0.05000       replace       0.01000       0.00500       1.05000       0.00100      12.00000      50.00000       0.04000       1.00000       0.50000       0.50000       0.00001       0.10000       0.00000       0.00000       0.00000  
hydcha210                        1       0.55380       0.07398       0.00901       0.83460       0.05000       replace       0.01000       0.00500       1.05000       0.00100      12.00000      50.00000       0.04000       1.00000       0.50000       0.50000       0.00001       0.10000       0.00000       0.00000       0.00000  
hydcha211                        1       0.44887       0.06431       0.06253       0.32630       0.05000       replace       0.01000       0.00500       1.05000       0.00100      12.00000      50.00000       0.04000       1.00000       0.50000       0.50000       0.00001       0.10000       0.00000       0.00000       0.00000  
hydcha212                        1       0.39384       0.05894       0.04572       0.88740       0.05000       replace       0.01000       0.00500       1.05000       0.00100      12.00000      50.00000       0.04000       1.00000       0.50000       0.50000       0.00001       0.10000       0.00000       0.00000       0.00000  
hydcha213                        1       0.36802       0.05634       0.00638       0.26340       0.05000       replace       0.01000       0.00500       1.05000       0.00100      12.00000      50.00000       0.04000       1.00000       0.50000       0.50000       0.00001       0.10000       0.00000       0.00000       0.00000  
hydcha214                        1       0.51845       0.07080       0.00436       0.45970       0.05000       replace       0.01000       0.00500       1.05000       0.00100      12.00000      50.00000       0.04000       1.00000       0.50000       0.50000       0.00001       0.10000       0.00000       0.00000       0.00000  
hydcha215                        1       0.55541       0.07412       0.04794       1.21540       0.05000       replace       0.01000       0.00500       1.05000       0.00100      12.00000      50.00000       0.04000       1.00000       0.50000       0.50000       0.00001       0.10000       0.00000       0.00000       0.00000  
hydcha216                        1       0.30760       0.04999       0.01272       0.14180       0.05000       replace       0.01000       0.00500       1.05000       0.00100      12.00000      50.00000       0.04000       1.00000       0.50000       0.50000       0.00001       0.10000       0.00000       0.00000       0.00000  
hydcha217                        1       0.48844       0.06804       0.03449       1.09790       0.05000       replace       0.01000       0.00500       1.05000       0.00100      12.00000      50.00000       0.04000       1.00000       0.50000       0.50000       0.00001       0.10000       0.00000       0.00000       0.00000  
hydcha218                        1       0.36378       0.05590       0.03215       0.42530       0.05000       replace       0.01000       0.00500       1.05000       0.00100      12.00000      50.00000       0.04000       1.00000       0.50000       0.50000       0.00001       0.10000       0.00000       0.00000       0.00000  
hydcha219                        1       0.28187       0.04716       0.09638       0.08300       0.05000       replace       0.01000       0.00500       1.05000       0.00100      12.00000      50.00000       0.04000       1.00000       0.50000       0.50000       0.00001       0.10000       0.00000       0.00000       0.00000  
hydcha220                        1       0.30040       0.04921       0.00086       0.10740       0.05000       replace       0.01000       0.00500       1.05000       0.00100      12.00000      50.00000       0.04000       1.00000       0.50000       0.50000       0.00001       0.10000       0.00000       0.00000       0.00000  
hydcha221                        1       0.29676       0.04881       0.04983       0.28770       0.05000       replace       0.01000       0.00500       1.05000       0.00100      12.00000      50.00000       0.04000       1.00000       0.50000       0.50000       0.00001       0.10000       0.00000       0.00000       0.00000  
hydcha222                        1       0.39686       0.05924       0.01623       0.23900       0.05000       replace       0.01000       0.00500       1.05000       0.00100      12.00000      50.00000       0.04000       1.00000       0.50000       0.50000       0.00001       0.10000       0.00000       0.00000       0.00000  
hydcha223                        1       0.30040       0.04921       0.00347       0.26340       0.05000       replace       0.01000       0.00500       1.05000       0.00100      12.00000      50.00000       0.04000       1.00000       0.50000       0.50000       0.00001       0.10000       0.00000       0.00000       0.00000  
hydcha224                        1       0.47787       0.06705       0.01136       0.37660       0.05000       replace       0.01000       0.00500       1.05000       0.00100      12.00000      50.00000       0.04000       1.00000       0.50000       0.50000       0.00001       0.10000       0.00000       0.00000       0.00000  
hydcha225                        1       0.35303       0.05480       0.00059       0.03440       0.05000       replace       0.01000       0.00500       1.05000       0.00100      12.00000      50.00000       0.04000       1.00000       0.50000       0.50000       0.00001       0.10000       0.00000       0.00000       0.00000  
hydcha226                        1       0.27679       0.04659       0.00592       0.05870       0.05000       replace       0.01000       0.00500       1.05000       0.00100      12.00000      50.00000       0.04000       1.00000       0.50000       0.50000       0.00001       0.10000       0.00000       0.00000       0.00000  
hydcha227                        1       0.50231       0.06932       0.02906       0.59140       0.05000       replace       0.01000       0.00500       1.05000       0.00100      12.00000      50.00000       0.04000       1.00000       0.50000       0.50000       0.00001       0.10000       0.00000       0.00000       0.00000  
hydcha228                        1       0.35085       0.05457       0.00089       0.30370       0.05000       replace       0.01000       0.00500       1.05000       0.00100      12.00000      50.00000       0.04000       1.00000       0.50000       0.50000       0.00001       0.10000       0.00000       0.00000       0.00000  
hydcha229                        1       0.27551       0.04645       0.00116       0.02430       0.05000       replace       0.01000       0.00500       1.05000       0.00100      12.00000      50.00000       0.04000       1.00000       0.50000       0.50000       0.00001       0.10000       0.00000       0.00000       0.00000  
hydcha230                        1       0.29676       0.04881       0.02361       0.15600       0.05000       replace       0.01000       0.00500       1.05000       0.00100      12.00000      50.00000       0.04000       1.00000       0.50000       0.50000       0.00001       0.10000       0.00000       0.00000       0.00000  
hydcha231                        3       1.86508       0.16622       0.00306       0.34640       0.05000       replace       0.01000       0.00500       1.05000       0.00100      12.00000      50.00000       0.04000       1.00000       0.50000       0.50000       0.00001       0.10000       0.00000       0.00000       0.00000  
hydcha232                        2       1.30666       0.13112       0.00070       0.16610       0.05000       replace       0.01000       0.00500       1.05000       0.00100      12.00000      50.00000       0.04000       1.00000       0.50000       0.50000       0.00001       0.10000       0.00000       0.00000       0.00000  
hydcha233                        2       1.04341       0.11286       0.00028       0.08300       0.05000       replace       0.01000       0.00500       1.05000       0.00100      12.00000      50.00000       0.04000       1.00000       0.50000       0.50000       0.00001       0.10000       0.00000       0.00000       0.00000  
hydcha234                        2       0.83330       0.09714       0.00958       0.70880       0.05000       replace       0.01000       0.00500       1.05000       0.00100      12.00000      50.00000       0.04000       1.00000       0.50000       0.50000       0.00001       0.10000       0.00000       0.00000       0.00000  
hydcha235                        2       1.11004       0.11761       0.00166       0.09310       0.05000       replace       0.01000       0.00500       1.05000       0.00100      12.00000      50.00000       0.04000       1.00000       0.50000       0.50000       0.00001       0.10000       0.00000       0.00000       0.00000  
hydcha236                        2       0.98318       0.10847       0.00613       0.09730       0.05000       replace       0.01000       0.00500       1.05000       0.00100      12.00000      50.00000       0.04000       1.00000       0.50000       0.50000       0.00001       0.10000       0.00000       0.00000       0.00000  
hydcha237                        2       1.11560       0.11800       0.00166       0.34220       0.05000       replace       0.01000       0.00500       1.05000       0.00100      12.00000      50.00000       0.04000       1.00000       0.50000       0.50000       0.00001       0.10000       0.00000       0.00000       0.00000  
hydcha238                        2       0.91174       0.10315       0.00316       0.39090       0.05000       replace       0.01000       0.00500       1.05000       0.00100      12.00000      50.00000       0.04000       1.00000       0.50000       0.50000       0.00001       0.10000       0.00000       0.00000       0.00000  
hydcha239                        2       0.56022       0.07455       0.00803       0.23490       0.05000       replace       0.01000       0.00500       1.05000       0.00100      12.00000      50.00000       0.04000       1.00000       0.50000       0.50000       0.00001       0.10000       0.00000       0.00000       0.00000  
hydcha240                        1       0.71009       0.08732       0.01522       0.76580       0.05000       replace       0.01000       0.00500       1.05000       0.00100      12.00000      50.00000       0.04000       1.00000       0.50000       0.50000       0.00001       0.10000       0.00000       0.00000       0.00000  
hydcha241                        2       0.93122       0.10461       0.01064       0.87660       0.05000       replace       0.01000       0.00500       1.05000       0.00100      12.00000      50.00000       0.04000       1.00000       0.50000       0.50000       0.00001       0.10000       0.00000       0.00000       0.00000  
hydcha242                        1       0.37849       0.05740       0.00629       0.41100       0.05000       replace       0.01000       0.00500       1.05000       0.00100      12.00000      50.00000       0.04000       1.00000       0.50000       0.50000       0.00001       0.10000       0.00000       0.00000       0.00000  
hydcha243                        1       0.27294       0.04616       0.02144       0.10740       0.05000       replace       0.01000       0.00500       1.05000       0.00100      12.00000      50.00000       0.04000       1.00000       0.50000       0.50000       0.00001       0.10000       0.00000       0.00000       0.00000  
hydcha244                        2       0.56895       0.07532       0.00035       0.06880       0.05000       replace       0.01000       0.00500       1.05000       0.00100      12.00000      50.00000       0.04000       1.00000       0.50000       0.50000       0.00001       0.10000       0.00000       0.00000       0.00000  
hydcha245                        2       0.54001       0.07275       0.01518       0.26340       0.05000       replace       0.01000       0.00500       1.05000       0.00100      12.00000      50.00000       0.04000       1.00000       0.50000       0.50000       0.00001       0.10000       0.00000       0.00000       0.00000  
hydcha246                        1       0.40086       0.05964       0.02680       0.33630       0.05000       replace       0.01000       0.00500       1.05000       0.00100      12.00000      50.00000       0.04000       1.00000       0.50000       0.50000       0.00001       0.10000       0.00000       0.00000       0.00000  
hydcha247                        1       0.30161       0.04934       0.01552       0.14180       0.05000       replace       0.01000       0.00500       1.05000       0.00100      12.00000      50.00000       0.04000       1.00000       0.50000       0.50000       0.00001       0.10000       0.00000       0.00000       0.00000  
hydcha248                        1       0.33983       0.05342       0.02017       0.23900       0.05000       replace       0.01000       0.00500       1.05000       0.00100      12.00000      50.00000       0.04000       1.00000       0.50000       0.50000       0.00001       0.10000       0.00000       0.00000       0.00000  
hydcha249                        1       0.28313       0.04730       0.01853       0.10320       0.05000       replace       0.01000       0.00500       1.05000       0.00100      12.00000      50.00000       0.04000       1.00000       0.50000       0.50000       0.00001       0.10000       0.00000       0.00000       0.00000  
hydcha250                        1       0.51085       0.07010       0.01187       0.71710       0.05000       replace       0.01000       0.00500       1.05000       0.00100      12.00000      50.00000       0.04000       1.00000       0.50000       0.50000       0.00001       0.10000       0.00000       0.00000       0.00000  
hydcha251                        1       0.38468       0.05802       0.00561       0.08300       0.05000       replace       0.01000       0.00500       1.05000       0.00100      12.00000      50.00000       0.04000       1.00000       0.50000       0.50000       0.00001       0.10000       0.00000       0.00000       0.00000  
hydcha252                        1       0.29061       0.04813       0.00233       0.14180       0.05000       replace       0.01000       0.00500       1.05000       0.00100      12.00000      50.00000       0.04000       1.00000       0.50000       0.50000       0.00001       0.10000       0.00000       0.00000       0.00000  
hydcha253                        1       0.37118       0.05666       0.00046       0.06880       0.05000       replace       0.01000       0.00500       1.05000       0.00100      12.00000      50.00000       0.04000       1.00000       0.50000       0.50000       0.00001       0.10000       0.00000       0.00000       0.00000  
hydcha254                        1       0.32628       0.05199       0.01028       0.02430       0.05000       replace       0.01000       0.00500       1.05000       0.00100      12.00000      50.00000       0.04000       1.00000       0.50000       0.50000       0.00001       0.10000       0.00000       0.00000       0.00000  
hydcha255                        1       0.61812       0.07960       0.01038       0.90510       0.05000       replace       0.01000       0.00500       1.05000       0.00100      12.00000      50.00000       0.04000       1.00000       0.50000       0.50000       0.00001       0.10000       0.00000       0.00000       0.00000  
hydcha256                        1       0.63001       0.08062       0.01562       0.53850       0.05000       replace       0.01000       0.00500       1.05000       0.00100      12.00000      50.00000       0.04000       1.00000       0.50000       0.50000       0.00001       0.10000       0.00000       0.00000       0.00000  
hydcha257                        1       0.32628       0.05199       0.02008       0.17030       0.05000       replace       0.01000       0.00500       1.05000       0.00100      12.00000      50.00000       0.04000       1.00000       0.50000       0.50000       0.00001       0.10000       0.00000       0.00000       0.00000  
hydcha258                        1       0.46983       0.06630       0.00008       0.17620       0.05000       replace       0.01000       0.00500       1.05000       0.00100      12.00000      50.00000       0.04000       1.00000       0.50000       0.50000       0.00001       0.10000       0.00000       0.00000       0.00000  
hydcha259                        3       2.36396       0.19468       0.00291       0.33220       0.05000       replace       0.01000       0.00500       1.05000       0.00100      12.00000      50.00000       0.04000       1.00000       0.50000       0.50000       0.00001       0.10000       0.00000       0.00000       0.00000  
hydcha260                        3       2.24612       0.18815       0.00279       0.34220       0.05000       replace       0.01000       0.00500       1.05000       0.00100      12.00000      50.00000       0.04000       1.00000       0.50000       0.50000       0.00001       0.10000       0.00000       0.00000       0.00000  
hydcha261                        1       0.45624       0.06501       0.03027       0.55520       0.05000       replace       0.01000       0.00500       1.05000       0.00100      12.00000      50.00000       0.04000       1.00000       0.50000       0.50000       0.00001       0.10000       0.00000       0.00000       0.00000  
hydcha262                        2       0.77494       0.09255       0.00328       0.02430       0.05000       replace       0.01000       0.00500       1.05000       0.00100      12.00000      50.00000       0.04000       1.00000       0.50000       0.50000       0.00001       0.10000       0.00000       0.00000       0.00000  
hydcha263                        2       0.63517       0.08106       0.00696       0.39090       0.05000       replace       0.01000       0.00500       1.05000       0.00100      12.00000      50.00000       0.04000       1.00000       0.50000       0.50000       0.00001       0.10000       0.00000       0.00000       0.00000  
hydcha264                        1       0.35950       0.05547       0.01175       0.43530       0.05000       replace       0.01000       0.00500       1.05000       0.00100      12.00000      50.00000       0.04000       1.00000       0.50000       0.50000       0.00001       0.10000       0.00000       0.00000       0.00000  
hydcha265                        1       0.36802       0.05634       0.00531       0.05870       0.05000       replace       0.01000       0.00500       1.05000       0.00100      12.00000      50.00000       0.04000       1.00000       0.50000       0.50000       0.00001       0.10000       0.00000       0.00000       0.00000  
hydcha266                        1       0.43200       0.06269       0.01058       0.27340       0.05000       replace       0.01000       0.00500       1.05000       0.00100      12.00000      50.00000       0.04000       1.00000       0.50000       0.50000       0.00001       0.10000       0.00000       0.00000       0.00000  
hydcha267                        1       0.36165       0.05569       0.00139       0.08300       0.05000       replace       0.01000       0.00500       1.05000       0.00100      12.00000      50.00000       0.04000       1.00000       0.50000       0.50000       0.00001       0.10000       0.00000       0.00000       0.00000  
hydcha268                        1       0.32167       0.05150       0.00878       0.08300       0.05000       replace       0.01000       0.00500       1.05000       0.00100      12.00000      50.00000       0.04000       1.00000       0.50000       0.50000       0.00001       0.10000       0.00000       0.00000       0.00000  
